trial threads xsize ysize total init sim edge_comm file_io err_total err_init err_sim err_edge_comm err_file_io
AVG 1 1000 500 2.178900e+01 1.201900e-02 1.098000e+01 5.669600e-03 1.079100e+01 1.822441e-01 1.105301e-04 1.010483e-01 1.030220e-04 8.865044e-02
AVG 2 1000 500 1.731500e+01 1.240100e-02 5.695700e+00 1.160200e+01 1.157300e+01 6.553243e-02 6.775618e-05 3.378615e-02 6.598182e-02 6.551412e-02
AVG 4 1000 500 1.430800e+01 6.038200e-02 2.840600e+00 1.144400e+01 1.132700e+01 6.899275e-03 9.786521e-05 1.877833e-02 1.088118e-02 6.488451e-03
AVG 8 1000 500 1.311100e+01 8.323200e-02 1.463100e+00 1.164600e+01 1.147700e+01 4.950657e-02 1.442685e-03 1.543413e-02 4.966286e-02 3.891144e-02
AVG 16 1000 500 1.145000e+01 1.042300e-02 6.609000e-01 1.100400e+01 1.077700e+01 1.019804e-02 1.581455e-05 1.852986e-02 8.740709e-03 4.012481e-03
AVG 32 1000 500 1.269200e+01 6.283000e-01 3.806600e-01 1.226600e+01 1.146800e+01 8.694826e-03 5.398889e-03 1.588239e-02 8.854377e-03 1.864403e-02


trial threads xsize ysize total init sim edge_comm file_io err_total err_init err_sim err_edge_comm err_file_io
AVG 1 1000 1000 4.446100e+01 2.430200e-02 2.237300e+01 1.412400e-02 2.204500e+01 2.815848e-02 5.851154e-05 1.342013e-02 3.647799e-04 2.277060e-02
AVG 2 1000 1000 3.363100e+01 2.462700e-02 1.126200e+01 2.238800e+01 2.231500e+01 4.255467e-02 2.327146e-04 4.606301e-02 3.969383e-02 1.380217e-02
AVG 4 1000 1000 2.582100e+01 1.989700e-02 4.942100e+00 2.093900e+01 2.085100e+01 1.126499e-02 4.514532e-05 2.667432e-02 1.244588e-02 6.992853e-03
AVG 8 1000 1000 2.450700e+01 2.447600e-02 2.886200e+00 2.171800e+01 2.157900e+01 4.751947e-02 1.650454e-05 4.589683e-02 4.431253e-02 1.867887e-02
AVG 16 1000 1000 2.371600e+01 2.872500e-01 1.478100e+00 2.224400e+01 2.192800e+01 1.484587e-02 1.011883e-02 2.885026e-02 1.569713e-02 1.309962e-02
AVG 32 1000 1000 2.329700e+01 6.941600e-01 7.775100e-01 2.242600e+01 2.157600e+01 1.288798e-02 7.273324e-03 2.473543e-02 1.511291e-02 1.834121e-02


trial threads xsize ysize total init sim edge_comm file_io err_total err_init err_sim err_edge_comm err_file_io
AVG 1 1000 2000 8.649600e+01 4.855500e-02 4.415900e+01 2.314000e-02 4.226000e+01 1.282669e-01 5.552027e-05 9.941459e-02 2.682424e-04 5.844656e-02
AVG 2 1000 2000 6.524100e+01 4.818900e-02 2.246700e+01 4.306400e+01 4.273200e+01 3.794877e-01 5.036765e-05 3.833122e-01 3.390670e-01 9.465728e-03
AVG 4 1000 2000 5.023900e+01 4.007400e-02 9.859200e+00 4.062200e+01 4.039400e+01 1.904993e-02 4.996743e-04 6.748880e-02 2.143828e-02 1.289961e-02
AVG 8 1000 2000 4.865900e+01 7.036300e-02 5.617200e+00 4.311800e+01 4.285900e+01 2.041813e-02 5.016074e-05 3.475808e-02 1.725109e-02 1.170043e-02
AVG 16 1000 2000 4.629300e+01 3.482200e-01 2.846300e+00 4.335000e+01 4.298200e+01 2.891539e-02 8.927976e-03 2.923563e-02 2.912044e-02 2.063008e-02


trial threads xsize ysize total init sim edge_comm file_io err_total err_init err_sim err_edge_comm err_file_io
AVG 1 1000 4000 1.717900e+02 9.556800e-02 8.755300e+01 4.625300e-02 8.407600e+01 2.192943e-01 9.028386e-04 4.055190e-02 1.451745e-03 1.906263e-01
AVG 2 1000 4000 1.278600e+02 9.630100e-02 4.477400e+01 8.399900e+01 8.298600e+01 9.498631e-01 2.534184e-04 8.361770e-01 8.049366e-01 2.025201e-01
AVG 4 1000 4000 9.863500e+01 8.052400e-02 1.938700e+01 7.949000e+01 7.915000e+01 1.641904e-01 1.120772e-03 1.881432e-01 1.514464e-01 2.742262e-02
AVG 8 1000 4000 8.921900e+01 7.910600e-02 9.778000e+00 7.961600e+01 7.934400e+01 5.568573e-02 1.152493e-04 7.994431e-02 5.052128e-02 2.650283e-02
AVG 16 1000 4000 8.587300e+01 4.204800e-01 5.564800e+00 8.048300e+01 7.977600e+01 4.848547e-01 1.353526e-02 2.934994e-02 4.545988e-01 4.704704e-01
AVG 32 1000 4000 8.707600e+01 5.075600e-01 3.086200e+00 8.418100e+01 8.350500e+01 2.932105e-01 4.696556e-03 8.064214e-02 2.841846e-01 2.612365e-01
AVG 64 1000 4000 8.683000e+01 1.391400e+00 1.536000e+00 8.512200e+01 8.317600e+01 3.258834e-02 1.411680e-02 4.987626e-02 3.161645e-02 1.133137e-02


trial threads xsize ysize total init sim edge_comm file_io err_total err_init err_sim err_edge_comm err_file_io
AVG 1 1000 8000 3.399400e+02 1.915100e-01 1.738200e+02 8.793700e-02 1.658500e+02 7.238784e-02 1.925876e-04 5.402614e-02 1.749231e-03 3.240370e-02
AVG 2 1000 8000 2.522200e+02 1.911600e-01 8.681800e+01 1.650100e+02 1.651200e+02 5.059249e-01 4.764871e-04 1.649420e-01 3.359911e-01 3.375796e-01
AVG 4 1000 8000 1.963100e+02 1.574200e-01 3.889300e+01 1.579400e+02 1.573300e+02 4.903978e-01 3.343052e-04 4.863821e-01 4.400455e-01 1.428636e-01
AVG 8 1000 8000 1.777000e+02 1.590300e-01 2.017500e+01 1.585700e+02 1.576000e+02 4.551923e-01 2.052123e-03 5.457182e-01 4.185809e-01 2.073644e-01
AVG 16 1000 8000 1.749800e+02 1.923600e-01 1.137400e+01 1.640100e+02 1.638000e+02 8.809086e-02 1.106345e-04 2.067791e-01 1.314914e-01 8.602325e-02
AVG 32 1000 8000 1.706000e+02 8.284000e-01 5.769500e+00 1.648000e+02 1.638000e+02 5.291503e-02 1.072478e-02 1.040606e-01 4.690416e-02 4.472136e-02
AVG 64 1000 8000 1.695000e+02 1.249300e+00 3.249400e+00 1.664900e+02 1.648600e+02 1.549193e-01 1.246680e-02 3.629201e-02 1.564928e-01 1.343131e-01


trial threads xsize ysize total init sim edge_comm file_io err_total err_init err_sim err_edge_comm err_file_io
AVG 1 1000 16000 6.751600e+02 3.800000e-01 3.462900e+02 1.545800e-01 3.283100e+02 2.112818e-01 2.214046e-03 8.208139e-02 5.888698e-03 1.633707e-01
AVG 2 1000 16000 5.018700e+02 3.770600e-01 1.733700e+02 3.278400e+02 3.278600e+02 1.319246e+00 3.523385e-03 3.873381e-01 9.668712e-01 9.030172e-01
AVG 4 1000 16000 4.155600e+02 3.829100e-01 8.762500e+01 3.283200e+02 3.274000e+02 3.852791e-01 7.892338e-04 2.980434e-01 3.872467e-01 2.449490e-01
AVG 8 1000 16000 3.508200e+02 3.134900e-01 3.913100e+01 3.127500e+02 3.116300e+02 6.894636e-01 2.355632e-04 8.181377e-01 6.753147e-01 1.490302e-01
AVG 16 1000 16000 3.478800e+02 6.107500e-01 2.362000e+01 3.259300e+02 3.251000e+02 7.242651e-01 2.472418e-03 6.370882e-01 6.709769e-01 5.608921e-01
AVG 32 1000 16000 3.380400e+02 9.026500e-01 1.291700e+01 3.266700e+02 3.258200e+02 6.473330e-01 4.382402e-03 1.177666e-01 6.446782e-01 5.964562e-01
AVG 64 1000 16000 3.341600e+02 1.599000e+00 6.650800e+00 3.282000e+02 3.259200e+02 2.316031e-01 1.090504e-02 1.354360e-01 1.849324e-01 1.433876e-01
