trial threads xsize ysize total init sim edge_comm file_io err_total err_init err_sim err_edge_comm err_file_io
1 1 1000 1000 4.454e+01 2.436e-02 2.247e+01 1.458e-02 2.203e+01
2 1 1000 1000 4.443e+01 2.419e-02 2.236e+01 1.736e-02 2.202e+01
3 1 1000 1000 4.441e+01 2.428e-02 2.234e+01 1.327e-02 2.203e+01
4 1 1000 1000 4.466e+01 2.416e-02 2.237e+01 1.347e-02 2.225e+01
5 1 1000 1000 4.435e+01 2.419e-02 2.233e+01 1.349e-02 2.198e+01
6 1 1000 1000 4.441e+01 2.414e-02 2.236e+01 1.435e-02 2.200e+01
7 1 1000 1000 4.442e+01 2.442e-02 2.235e+01 1.398e-02 2.203e+01
8 1 1000 1000 4.437e+01 2.431e-02 2.233e+01 1.354e-02 2.200e+01
9 1 1000 1000 4.450e+01 2.418e-02 2.240e+01 1.383e-02 2.206e+01
10 1 1000 1000 4.452e+01 2.479e-02 2.242e+01 1.337e-02 2.205e+01
AVG 1 1000 1000 4.446100e+01 2.430200e-02 2.237300e+01 1.412400e-02 2.204500e+01 2.815848e-02 5.851154e-05 1.342013e-02 3.647799e-04 2.277060e-02


1 2 1000 1000 3.359e+01 2.422e-02 1.122e+01 2.235e+01 2.233e+01
2 2 1000 1000 3.367e+01 2.432e-02 1.119e+01 2.243e+01 2.242e+01
3 2 1000 1000 3.396e+01 2.437e-02 1.161e+01 2.269e+01 2.230e+01
4 2 1000 1000 3.355e+01 2.437e-02 1.120e+01 2.232e+01 2.230e+01
5 2 1000 1000 3.379e+01 2.411e-02 1.146e+01 2.254e+01 2.228e+01
6 2 1000 1000 3.349e+01 2.678e-02 1.118e+01 2.225e+01 2.224e+01
7 2 1000 1000 3.357e+01 2.464e-02 1.119e+01 2.233e+01 2.233e+01
8 2 1000 1000 3.358e+01 2.432e-02 1.119e+01 2.234e+01 2.233e+01
9 2 1000 1000 3.356e+01 2.447e-02 1.120e+01 2.231e+01 2.231e+01
10 2 1000 1000 3.355e+01 2.467e-02 1.118e+01 2.232e+01 2.231e+01
AVG 2 1000 1000 3.363100e+01 2.462700e-02 1.126200e+01 2.238800e+01 2.231500e+01 4.255467e-02 2.327146e-04 4.606301e-02 3.969383e-02 1.380217e-02


1 4 1000 1000 2.591e+01 2.032e-02 5.090e+00 2.102e+01 2.081e+01
2 4 1000 1000 2.583e+01 1.982e-02 4.923e+00 2.094e+01 2.086e+01
3 4 1000 1000 2.577e+01 1.987e-02 4.921e+00 2.090e+01 2.082e+01
4 4 1000 1000 2.583e+01 1.986e-02 4.932e+00 2.095e+01 2.087e+01
5 4 1000 1000 2.583e+01 1.982e-02 4.917e+00 2.096e+01 2.089e+01
6 4 1000 1000 2.580e+01 1.985e-02 4.921e+00 2.091e+01 2.084e+01
7 4 1000 1000 2.583e+01 1.986e-02 4.948e+00 2.096e+01 2.086e+01
8 4 1000 1000 2.580e+01 1.986e-02 4.918e+00 2.087e+01 2.085e+01
9 4 1000 1000 2.582e+01 1.989e-02 4.931e+00 2.096e+01 2.086e+01
10 4 1000 1000 2.579e+01 1.982e-02 4.920e+00 2.092e+01 2.085e+01
AVG 4 1000 1000 2.582100e+01 1.989700e-02 4.942100e+00 2.093900e+01 2.085100e+01 1.126499e-02 4.514532e-05 2.667432e-02 1.244588e-02 6.992853e-03


1 8 1000 1000 2.467e+01 2.454e-02 2.878e+00 2.190e+01 2.165e+01
2 8 1000 1000 2.435e+01 2.450e-02 2.831e+00 2.157e+01 2.150e+01
3 8 1000 1000 2.445e+01 2.448e-02 2.848e+00 2.166e+01 2.156e+01
4 8 1000 1000 2.460e+01 2.447e-02 2.830e+00 2.181e+01 2.172e+01
5 8 1000 1000 2.440e+01 2.443e-02 2.828e+00 2.162e+01 2.155e+01
6 8 1000 1000 2.442e+01 2.454e-02 2.835e+00 2.164e+01 2.157e+01
7 8 1000 1000 2.442e+01 2.447e-02 2.828e+00 2.164e+01 2.157e+01
8 8 1000 1000 2.440e+01 2.453e-02 2.828e+00 2.162e+01 2.155e+01
9 8 1000 1000 2.486e+01 2.437e-02 3.290e+00 2.203e+01 2.154e+01
10 8 1000 1000 2.450e+01 2.443e-02 2.866e+00 2.169e+01 2.158e+01
AVG 8 1000 1000 2.450700e+01 2.447600e-02 2.886200e+00 2.171800e+01 2.157900e+01 4.751947e-02 1.650454e-05 4.589683e-02 4.431253e-02 1.867887e-02


1 16 1000 1000 2.373e+01 3.102e-01 1.459e+00 2.227e+01 2.188e+01
2 16 1000 1000 2.371e+01 2.802e-01 1.482e+00 2.225e+01 2.195e+01
3 16 1000 1000 2.365e+01 2.803e-01 1.451e+00 2.217e+01 2.187e+01
4 16 1000 1000 2.377e+01 2.802e-01 1.482e+00 2.229e+01 2.199e+01
5 16 1000 1000 2.368e+01 2.602e-01 1.435e+00 2.221e+01 2.195e+01
6 16 1000 1000 2.376e+01 3.604e-01 1.438e+00 2.230e+01 2.194e+01
7 16 1000 1000 2.379e+01 3.203e-01 1.484e+00 2.231e+01 2.187e+01
8 16 1000 1000 2.366e+01 2.601e-01 1.435e+00 2.218e+01 2.191e+01
9 16 1000 1000 2.367e+01 2.503e-01 1.462e+00 2.219e+01 2.194e+01
10 16 1000 1000 2.374e+01 2.703e-01 1.653e+00 2.227e+01 2.198e+01
AVG 16 1000 1000 2.371600e+01 2.872500e-01 1.478100e+00 2.224400e+01 2.192800e+01 1.484587e-02 1.011883e-02 2.885026e-02 1.569713e-02 1.309962e-02


1 32 1000 1000 2.324e+01 6.685e-01 7.174e-01 2.239e+01 2.159e+01
2 32 1000 1000 2.333e+01 6.597e-01 8.640e-01 2.249e+01 2.167e+01
3 32 1000 1000 2.324e+01 7.208e-01 8.610e-01 2.234e+01 2.149e+01
4 32 1000 1000 2.334e+01 7.400e-01 8.558e-01 2.248e+01 2.150e+01
5 32 1000 1000 2.331e+01 6.900e-01 7.329e-01 2.244e+01 2.163e+01
6 32 1000 1000 2.332e+01 7.101e-01 7.597e-01 2.242e+01 2.157e+01
7 32 1000 1000 2.333e+01 6.817e-01 7.608e-01 2.247e+01 2.162e+01
8 32 1000 1000 2.334e+01 6.996e-01 7.360e-01 2.246e+01 2.162e+01
9 32 1000 1000 2.324e+01 6.817e-01 7.716e-01 2.237e+01 2.156e+01
10 32 1000 1000 2.328e+01 6.895e-01 7.159e-01 2.240e+01 2.151e+01
AVG 32 1000 1000 2.329700e+01 6.941600e-01 7.775100e-01 2.242600e+01 2.157600e+01 1.288798e-02 7.273324e-03 2.473543e-02 1.511291e-02 1.834121e-02


1 1 1000 16000 6.755e+02 3.601e-01 3.466e+02 1.678e-01 3.283e+02
2 1 1000 16000 6.764e+02 3.819e-01 3.467e+02 1.852e-01 3.291e+02
3 1 1000 16000 6.757e+02 3.829e-01 3.464e+02 1.414e-01 3.288e+02
4 1 1000 16000 6.745e+02 3.811e-01 3.462e+02 1.273e-01 3.277e+02
5 1 1000 16000 6.749e+02 3.812e-01 3.461e+02 1.404e-01 3.283e+02
6 1 1000 16000 6.746e+02 3.799e-01 3.459e+02 1.392e-01 3.282e+02
7 1 1000 16000 6.746e+02 3.811e-01 3.465e+02 1.423e-01 3.275e+02
8 1 1000 16000 6.742e+02 3.885e-01 3.460e+02 1.526e-01 3.277e+02
9 1 1000 16000 6.758e+02 3.822e-01 3.464e+02 1.785e-01 3.288e+02
10 1 1000 16000 6.754e+02 3.811e-01 3.461e+02 1.711e-01 3.287e+02
AVG 1 1000 16000 6.751600e+02 3.800000e-01 3.462900e+02 1.545800e-01 3.283100e+02 2.112818e-01 2.214046e-03 8.208139e-02 5.888698e-03 1.633707e-01


1 2 1000 16000 5.045e+02 3.821e-01 1.739e+02 3.300e+02 3.307e+02
2 2 1000 16000 5.061e+02 3.851e-01 1.746e+02 3.309e+02 3.302e+02
3 2 1000 16000 5.060e+02 3.810e-01 1.748e+02 3.311e+02 3.303e+02
4 2 1000 16000 5.030e+02 3.812e-01 1.738e+02 3.287e+02 3.286e+02
5 2 1000 16000 5.027e+02 3.442e-01 1.737e+02 3.282e+02 3.283e+02
6 2 1000 16000 5.042e+02 3.805e-01 1.739e+02 3.293e+02 3.294e+02
7 2 1000 16000 5.036e+02 3.815e-01 1.735e+02 3.293e+02 3.293e+02
8 2 1000 16000 4.999e+02 3.793e-01 1.732e+02 3.260e+02 3.263e+02
9 2 1000 16000 4.959e+02 3.786e-01 1.717e+02 3.235e+02 3.238e+02
10 2 1000 16000 4.928e+02 3.771e-01 1.706e+02 3.214e+02 3.217e+02
AVG 2 1000 16000 5.018700e+02 3.770600e-01 1.733700e+02 3.278400e+02 3.278600e+02 1.319246e+00 3.523385e-03 3.873381e-01 9.668712e-01 9.030172e-01


1 4 1000 16000 4.181e+02 3.838e-01 9.018e+01 3.302e+02 3.274e+02
2 4 1000 16000 4.146e+02 3.806e-01 8.699e+01 3.273e+02 3.275e+02
3 4 1000 16000 4.154e+02 3.889e-01 8.721e+01 3.280e+02 3.275e+02
4 4 1000 16000 4.157e+02 3.825e-01 8.725e+01 3.281e+02 3.279e+02
5 4 1000 16000 4.156e+02 3.826e-01 8.722e+01 3.280e+02 3.277e+02
6 4 1000 16000 4.156e+02 3.856e-01 8.742e+01 3.280e+02 3.276e+02
7 4 1000 16000 4.156e+02 3.811e-01 8.730e+01 3.281e+02 3.278e+02
8 4 1000 16000 4.168e+02 3.825e-01 8.752e+01 3.289e+02 3.286e+02
9 4 1000 16000 4.150e+02 3.807e-01 8.826e+01 3.305e+02 3.262e+02
10 4 1000 16000 4.132e+02 3.808e-01 8.690e+01 3.261e+02 3.258e+02
AVG 4 1000 16000 4.155600e+02 3.829100e-01 8.762500e+01 3.283200e+02 3.274000e+02 3.852791e-01 7.892338e-04 2.980434e-01 3.872467e-01 2.449490e-01


1 8 1000 16000 3.516e+02 3.140e-01 3.962e+01 3.133e+02 3.118e+02
2 8 1000 16000 3.500e+02 3.150e-01 3.794e+01 3.119e+02 3.116e+02
3 8 1000 16000 3.503e+02 3.134e-01 3.804e+01 3.122e+02 3.118e+02
4 8 1000 16000 3.498e+02 3.128e-01 3.793e+01 3.118e+02 3.115e+02
5 8 1000 16000 3.511e+02 3.138e-01 3.887e+01 3.129e+02 3.120e+02
6 8 1000 16000 3.570e+02 3.127e-01 4.667e+01 3.189e+02 3.127e+02
7 8 1000 16000 3.492e+02 3.135e-01 3.781e+01 3.113e+02 3.111e+02
8 8 1000 16000 3.492e+02 3.137e-01 3.778e+01 3.113e+02 3.110e+02
9 8 1000 16000 3.498e+02 3.122e-01 3.779e+01 3.118e+02 3.116e+02
10 8 1000 16000 3.502e+02 3.138e-01 3.886e+01 3.121e+02 3.112e+02
AVG 8 1000 16000 3.508200e+02 3.134900e-01 3.913100e+01 3.127500e+02 3.116300e+02 6.894636e-01 2.355632e-04 8.181377e-01 6.753147e-01 1.490302e-01


1 16 1000 16000 3.468e+02 6.204e-01 2.195e+01 3.248e+02 3.243e+02
2 16 1000 16000 3.464e+02 6.105e-01 2.195e+01 3.244e+02 3.238e+02
3 16 1000 16000 3.477e+02 6.261e-01 2.608e+01 3.256e+02 3.252e+02
4 16 1000 16000 3.485e+02 5.968e-01 2.603e+01 3.265e+02 3.257e+02
5 16 1000 16000 3.482e+02 6.106e-01 2.595e+01 3.261e+02 3.256e+02
6 16 1000 16000 3.465e+02 6.104e-01 2.219e+01 3.251e+02 3.238e+02
7 16 1000 16000 3.473e+02 6.105e-01 2.195e+01 3.252e+02 3.247e+02
8 16 1000 16000 3.466e+02 6.104e-01 2.201e+01 3.252e+02 3.240e+02
9 16 1000 16000 3.464e+02 6.104e-01 2.191e+01 3.244e+02 3.239e+02
10 16 1000 16000 3.544e+02 6.014e-01 2.618e+01 3.320e+02 3.300e+02
AVG 16 1000 16000 3.478800e+02 6.107500e-01 2.362000e+01 3.259300e+02 3.251000e+02 7.242651e-01 2.472418e-03 6.370882e-01 6.709769e-01 5.608921e-01


1 32 1000 16000 3.382e+02 9.113e-01 1.273e+01 3.268e+02 3.260e+02
2 32 1000 16000 3.388e+02 9.105e-01 1.301e+01 3.275e+02 3.267e+02
3 32 1000 16000 3.434e+02 9.304e-01 1.343e+01 3.320e+02 3.308e+02
4 32 1000 16000 3.384e+02 9.005e-01 1.342e+01 3.270e+02 3.258e+02
5 32 1000 16000 3.389e+02 9.002e-01 1.277e+01 3.275e+02 3.265e+02
6 32 1000 16000 3.363e+02 8.819e-01 1.295e+01 3.249e+02 3.241e+02
7 32 1000 16000 3.366e+02 9.106e-01 1.277e+01 3.253e+02 3.246e+02
8 32 1000 16000 3.368e+02 9.004e-01 1.269e+01 3.254e+02 3.247e+02
9 32 1000 16000 3.369e+02 8.803e-01 1.270e+01 3.256e+02 3.249e+02
10 32 1000 16000 3.361e+02 9.004e-01 1.270e+01 3.247e+02 3.241e+02
AVG 32 1000 16000 3.380400e+02 9.026500e-01 1.291700e+01 3.266700e+02 3.258200e+02 6.473330e-01 4.382402e-03 1.177666e-01 6.446782e-01 5.964562e-01


1 64 1000 16000 3.337e+02 1.650e+00 6.386e+00 3.278e+02 3.257e+02
2 64 1000 16000 3.337e+02 1.560e+00 6.454e+00 3.278e+02 3.254e+02
3 64 1000 16000 3.360e+02 1.620e+00 6.366e+00 3.296e+02 3.268e+02
4 64 1000 16000 3.334e+02 1.550e+00 6.505e+00 3.276e+02 3.256e+02
5 64 1000 16000 3.335e+02 1.580e+00 6.358e+00 3.276e+02 3.254e+02
6 64 1000 16000 3.345e+02 1.630e+00 7.640e+00 3.286e+02 3.265e+02
7 64 1000 16000 3.342e+02 1.550e+00 6.990e+00 3.283e+02 3.263e+02
8 64 1000 16000 3.341e+02 1.630e+00 6.386e+00 3.282e+02 3.259e+02
9 64 1000 16000 3.347e+02 1.611e+00 6.359e+00 3.286e+02 3.260e+02
10 64 1000 16000 3.338e+02 1.609e+00 7.064e+00 3.279e+02 3.256e+02
AVG 64 1000 16000 3.341600e+02 1.599000e+00 6.650800e+00 3.282000e+02 3.259200e+02 2.316031e-01 1.090504e-02 1.354360e-01 1.849324e-01 1.433876e-01


1 1 1000 2000 8.618e+01 4.847e-02 4.401e+01 2.305e-02 4.210e+01
2 1 1000 2000 8.670e+01 4.878e-02 4.453e+01 2.213e-02 4.209e+01
3 1 1000 2000 8.612e+01 4.831e-02 4.393e+01 2.252e-02 4.211e+01
4 1 1000 2000 8.619e+01 4.850e-02 4.397e+01 2.287e-02 4.214e+01
5 1 1000 2000 8.626e+01 4.834e-02 4.399e+01 2.209e-02 4.220e+01
6 1 1000 2000 8.622e+01 4.869e-02 4.399e+01 2.290e-02 4.216e+01
7 1 1000 2000 8.628e+01 4.868e-02 4.401e+01 2.302e-02 4.219e+01
8 1 1000 2000 8.694e+01 4.885e-02 4.431e+01 2.471e-02 4.255e+01
9 1 1000 2000 8.664e+01 4.842e-02 4.400e+01 2.450e-02 4.256e+01
10 1 1000 2000 8.743e+01 4.851e-02 4.485e+01 2.361e-02 4.250e+01
AVG 1 1000 2000 8.649600e+01 4.855500e-02 4.415900e+01 2.314000e-02 4.226000e+01 1.282669e-01 5.552027e-05 9.941459e-02 2.682424e-04 5.844656e-02


1 2 1000 2000 6.485e+01 4.803e-02 2.206e+01 4.272e+01 4.276e+01
2 2 1000 2000 6.488e+01 4.831e-02 2.207e+01 4.274e+01 4.277e+01
3 2 1000 2000 6.484e+01 4.819e-02 2.206e+01 4.271e+01 4.273e+01
4 2 1000 2000 6.481e+01 4.828e-02 2.205e+01 4.268e+01 4.272e+01
5 2 1000 2000 6.480e+01 4.813e-02 2.207e+01 4.267e+01 4.270e+01
6 2 1000 2000 6.488e+01 4.838e-02 2.213e+01 4.268e+01 4.272e+01
7 2 1000 2000 6.483e+01 4.786e-02 2.204e+01 4.272e+01 4.274e+01
8 2 1000 2000 6.488e+01 4.814e-02 2.209e+01 4.273e+01 4.277e+01
9 2 1000 2000 6.884e+01 4.842e-02 2.609e+01 4.628e+01 4.267e+01
10 2 1000 2000 6.480e+01 4.815e-02 2.201e+01 4.271e+01 4.274e+01
AVG 2 1000 2000 6.524100e+01 4.818900e-02 2.246700e+01 4.306400e+01 4.273200e+01 3.794877e-01 5.036765e-05 3.833122e-01 3.390670e-01 9.465728e-03


1 4 1000 2000 5.017e+01 3.955e-02 9.818e+00 4.056e+01 4.036e+01
2 4 1000 2000 5.024e+01 3.947e-02 9.830e+00 4.059e+01 4.039e+01
3 4 1000 2000 5.024e+01 3.954e-02 9.838e+00 4.062e+01 4.042e+01
4 4 1000 2000 5.014e+01 3.959e-02 9.819e+00 4.054e+01 4.033e+01
5 4 1000 2000 5.020e+01 3.929e-02 9.807e+00 4.060e+01 4.037e+01
6 4 1000 2000 5.032e+01 4.480e-02 9.833e+00 4.069e+01 4.048e+01
7 4 1000 2000 5.024e+01 3.965e-02 9.846e+00 4.062e+01 4.041e+01
8 4 1000 2000 5.021e+01 3.980e-02 9.827e+00 4.059e+01 4.039e+01
9 4 1000 2000 5.029e+01 3.955e-02 9.864e+00 4.062e+01 4.043e+01
10 4 1000 2000 5.034e+01 3.950e-02 1.011e+01 4.079e+01 4.036e+01
AVG 4 1000 2000 5.023900e+01 4.007400e-02 9.859200e+00 4.062200e+01 4.039400e+01 1.904993e-02 4.996743e-04 6.748880e-02 2.143828e-02 1.289961e-02


1 8 1000 2000 4.867e+01 7.008e-02 5.594e+00 4.312e+01 4.287e+01
2 8 1000 2000 4.858e+01 7.044e-02 5.576e+00 4.321e+01 4.284e+01
3 8 1000 2000 4.876e+01 7.064e-02 5.803e+00 4.318e+01 4.281e+01
4 8 1000 2000 4.860e+01 7.039e-02 5.577e+00 4.306e+01 4.285e+01
5 8 1000 2000 4.857e+01 7.034e-02 5.576e+00 4.302e+01 4.282e+01
6 8 1000 2000 4.862e+01 7.017e-02 5.603e+00 4.308e+01 4.282e+01
7 8 1000 2000 4.875e+01 7.038e-02 5.709e+00 4.316e+01 4.286e+01
8 8 1000 2000 4.864e+01 7.053e-02 5.581e+00 4.309e+01 4.289e+01
9 8 1000 2000 4.869e+01 7.043e-02 5.576e+00 4.312e+01 4.290e+01
10 8 1000 2000 4.871e+01 7.023e-02 5.577e+00 4.314e+01 4.293e+01
AVG 8 1000 2000 4.865900e+01 7.036300e-02 5.617200e+00 4.311800e+01 4.285900e+01 2.041813e-02 5.016074e-05 3.475808e-02 1.725109e-02 1.170043e-02


1 16 1000 2000 4.645e+01 3.401e-01 2.842e+00 4.353e+01 4.309e+01
2 16 1000 2000 4.634e+01 4.303e-01 2.819e+00 4.339e+01 4.297e+01
3 16 1000 2000 4.638e+01 3.302e-01 3.040e+00 4.325e+01 4.293e+01
4 16 1000 2000 4.635e+01 3.501e-01 2.789e+00 4.346e+01 4.302e+01
5 16 1000 2000 4.635e+01 3.402e-01 2.895e+00 4.334e+01 4.303e+01
6 16 1000 2000 4.624e+01 3.503e-01 2.819e+00 4.334e+01 4.300e+01
7 16 1000 2000 4.620e+01 3.303e-01 2.805e+00 4.332e+01 4.296e+01
8 16 1000 2000 4.628e+01 3.303e-01 2.853e+00 4.339e+01 4.303e+01
9 16 1000 2000 4.619e+01 3.403e-01 2.807e+00 4.327e+01 4.295e+01
10 16 1000 2000 4.615e+01 3.401e-01 2.794e+00 4.321e+01 4.284e+01
AVG 16 1000 2000 4.629300e+01 3.482200e-01 2.846300e+00 4.335000e+01 4.298200e+01 2.891539e-02 8.927976e-03 2.923563e-02 2.912044e-02 2.063008e-02


1 1 1000 4000 1.713e+02 9.579e-02 8.743e+01 4.183e-02 8.376e+01
2 1 1000 4000 1.713e+02 8.707e-02 8.739e+01 4.180e-02 8.373e+01
3 1 1000 4000 1.715e+02 9.679e-02 8.754e+01 4.105e-02 8.379e+01
4 1 1000 4000 1.714e+02 9.613e-02 8.743e+01 4.112e-02 8.379e+01
5 1 1000 4000 1.738e+02 9.633e-02 8.777e+01 4.334e-02 8.586e+01
6 1 1000 4000 1.718e+02 9.666e-02 8.770e+01 4.772e-02 8.393e+01
7 1 1000 4000 1.716e+02 9.699e-02 8.750e+01 5.095e-02 8.393e+01
8 1 1000 4000 1.718e+02 9.628e-02 8.762e+01 5.111e-02 8.403e+01
9 1 1000 4000 1.717e+02 9.683e-02 8.755e+01 5.175e-02 8.399e+01
10 1 1000 4000 1.717e+02 9.681e-02 8.760e+01 5.186e-02 8.395e+01
AVG 1 1000 4000 1.717900e+02 9.556800e-02 8.755300e+01 4.625300e-02 8.407600e+01 2.192943e-01 9.028386e-04 4.055190e-02 1.451745e-03 1.906263e-01


1 2 1000 4000 1.355e+02 9.590e-02 5.204e+01 9.073e+01 8.333e+01
2 2 1000 4000 1.280e+02 9.636e-02 4.464e+01 8.403e+01 8.327e+01
3 2 1000 4000 1.269e+02 9.641e-02 4.369e+01 8.306e+01 8.315e+01
4 2 1000 4000 1.270e+02 9.593e-02 4.365e+01 8.316e+01 8.324e+01
5 2 1000 4000 1.270e+02 9.649e-02 4.373e+01 8.309e+01 8.319e+01
6 2 1000 4000 1.249e+02 9.573e-02 4.301e+01 8.179e+01 8.189e+01
7 2 1000 4000 1.249e+02 9.464e-02 4.290e+01 8.181e+01 8.186e+01
8 2 1000 4000 1.259e+02 9.654e-02 4.334e+01 8.243e+01 8.250e+01
9 2 1000 4000 1.307e+02 9.738e-02 4.681e+01 8.620e+01 8.369e+01
10 2 1000 4000 1.278e+02 9.763e-02 4.393e+01 8.369e+01 8.374e+01
AVG 2 1000 4000 1.278600e+02 9.630100e-02 4.477400e+01 8.399900e+01 8.298600e+01 9.498631e-01 2.534184e-04 8.361770e-01 8.049366e-01 2.025201e-01


1 4 1000 4000 9.813e+01 8.928e-02 1.904e+01 7.904e+01 7.894e+01
2 4 1000 4000 9.944e+01 7.908e-02 2.027e+01 8.019e+01 7.917e+01
3 4 1000 4000 9.827e+01 7.824e-02 1.905e+01 7.920e+01 7.912e+01
4 4 1000 4000 9.827e+01 7.919e-02 1.906e+01 7.917e+01 7.910e+01
5 4 1000 4000 9.833e+01 7.931e-02 1.907e+01 7.923e+01 7.916e+01
6 4 1000 4000 9.873e+01 8.548e-02 1.950e+01 7.957e+01 7.912e+01
7 4 1000 4000 9.843e+01 7.869e-02 1.913e+01 7.929e+01 7.918e+01
8 4 1000 4000 9.847e+01 7.866e-02 1.912e+01 7.930e+01 7.921e+01
9 4 1000 4000 9.849e+01 7.861e-02 1.912e+01 7.931e+01 7.922e+01
10 4 1000 4000 9.979e+01 7.870e-02 2.051e+01 8.060e+01 7.928e+01
AVG 4 1000 4000 9.863500e+01 8.052400e-02 1.938700e+01 7.949000e+01 7.915000e+01 1.641904e-01 1.120772e-03 1.881432e-01 1.514464e-01 2.742262e-02


1 8 1000 4000 8.947e+01 7.951e-02 1.022e+01 7.986e+01 7.934e+01
2 8 1000 4000 8.919e+01 7.858e-02 9.643e+00 7.961e+01 7.946e+01
3 8 1000 4000 8.930e+01 7.900e-02 9.636e+00 7.971e+01 7.949e+01
4 8 1000 4000 8.950e+01 7.848e-02 1.015e+01 7.985e+01 7.931e+01
5 8 1000 4000 8.927e+01 7.961e-02 9.839e+00 7.962e+01 7.926e+01
6 8 1000 4000 8.894e+01 7.893e-02 9.639e+00 7.936e+01 7.921e+01
7 8 1000 4000 8.904e+01 7.909e-02 9.649e+00 7.945e+01 7.929e+01
8 8 1000 4000 8.913e+01 7.950e-02 9.657e+00 7.955e+01 7.938e+01
9 8 1000 4000 8.904e+01 7.905e-02 9.637e+00 7.945e+01 7.930e+01
10 8 1000 4000 8.931e+01 7.931e-02 9.710e+00 7.970e+01 7.940e+01
AVG 8 1000 4000 8.921900e+01 7.910600e-02 9.778000e+00 7.961600e+01 7.934400e+01 5.568573e-02 1.152493e-04 7.994431e-02 5.052128e-02 2.650283e-02


1 16 1000 4000 8.905e+01 3.919e-01 5.565e+00 8.349e+01 8.290e+01
2 16 1000 4000 8.863e+01 4.503e-01 5.555e+00 8.304e+01 8.247e+01
3 16 1000 4000 8.525e+01 4.504e-01 5.570e+00 7.990e+01 7.917e+01
4 16 1000 4000 8.570e+01 5.204e-01 5.583e+00 8.028e+01 7.947e+01
5 16 1000 4000 8.512e+01 4.101e-01 5.538e+00 7.977e+01 7.903e+01
6 16 1000 4000 8.479e+01 3.803e-01 5.536e+00 7.947e+01 7.881e+01
7 16 1000 4000 8.480e+01 4.003e-01 5.552e+00 7.949e+01 7.879e+01
8 16 1000 4000 8.442e+01 3.804e-01 5.561e+00 7.912e+01 7.846e+01
9 16 1000 4000 8.527e+01 4.403e-01 5.628e+00 7.993e+01 7.915e+01
10 16 1000 4000 8.570e+01 3.804e-01 5.560e+00 8.034e+01 7.951e+01
AVG 16 1000 4000 8.587300e+01 4.204800e-01 5.564800e+00 8.048300e+01 7.977600e+01 4.848547e-01 1.353526e-02 2.934994e-02 4.545988e-01 4.704704e-01


1 32 1000 4000 8.680e+01 5.006e-01 2.996e+00 8.392e+01 8.332e+01
2 32 1000 4000 8.646e+01 4.805e-01 3.549e+00 8.361e+01 8.298e+01
3 32 1000 4000 8.730e+01 5.206e-01 3.060e+00 8.441e+01 8.349e+01
4 32 1000 4000 8.650e+01 5.105e-01 2.855e+00 8.364e+01 8.301e+01
5 32 1000 4000 8.676e+01 5.105e-01 2.882e+00 8.389e+01 8.326e+01
6 32 1000 4000 8.638e+01 5.109e-01 3.057e+00 8.350e+01 8.290e+01
7 32 1000 4000 8.665e+01 5.204e-01 2.919e+00 8.378e+01 8.315e+01
8 32 1000 4000 8.657e+01 5.205e-01 2.817e+00 8.369e+01 8.310e+01
9 32 1000 4000 8.776e+01 5.205e-01 3.209e+00 8.472e+01 8.404e+01
10 32 1000 4000 8.958e+01 4.806e-01 3.518e+00 8.665e+01 8.580e+01
AVG 32 1000 4000 8.707600e+01 5.075600e-01 3.086200e+00 8.418100e+01 8.350500e+01 2.932105e-01 4.696556e-03 8.064214e-02 2.841846e-01 2.612365e-01


1 64 1000 4000 8.691e+01 1.520e+00 1.408e+00 8.525e+01 8.316e+01
2 64 1000 4000 8.676e+01 1.362e+00 1.401e+00 8.510e+01 8.321e+01
3 64 1000 4000 8.678e+01 1.370e+00 1.655e+00 8.506e+01 8.318e+01
4 64 1000 4000 8.677e+01 1.370e+00 1.424e+00 8.510e+01 8.320e+01
5 64 1000 4000 8.681e+01 1.370e+00 1.399e+00 8.514e+01 8.324e+01
6 64 1000 4000 8.672e+01 1.400e+00 1.660e+00 8.505e+01 8.315e+01
7 64 1000 4000 8.695e+01 1.370e+00 1.669e+00 8.499e+01 8.321e+01
8 64 1000 4000 8.706e+01 1.382e+00 1.694e+00 8.535e+01 8.313e+01
9 64 1000 4000 8.680e+01 1.370e+00 1.647e+00 8.512e+01 8.313e+01
10 64 1000 4000 8.674e+01 1.400e+00 1.403e+00 8.506e+01 8.315e+01
AVG 64 1000 4000 8.683000e+01 1.391400e+00 1.536000e+00 8.512200e+01 8.317600e+01 3.258834e-02 1.411680e-02 4.987626e-02 3.161645e-02 1.133137e-02


1 1 1000 500 2.025e+01 1.141e-02 1.023e+01 4.837e-03 1.000e+01
2 1 1000 500 2.145e+01 1.127e-02 1.061e+01 5.785e-03 1.083e+01
3 1 1000 500 2.219e+01 1.222e-02 1.120e+01 5.714e-03 1.097e+01
4 1 1000 500 2.213e+01 1.208e-02 1.118e+01 5.953e-03 1.093e+01
5 1 1000 500 2.214e+01 1.237e-02 1.120e+01 5.926e-03 1.093e+01
6 1 1000 500 2.214e+01 1.224e-02 1.118e+01 6.023e-03 1.094e+01
7 1 1000 500 2.225e+01 1.213e-02 1.122e+01 5.757e-03 1.101e+01
8 1 1000 500 2.204e+01 1.221e-02 1.115e+01 5.638e-03 1.087e+01
9 1 1000 500 2.164e+01 1.214e-02 1.091e+01 5.399e-03 1.071e+01
10 1 1000 500 2.166e+01 1.212e-02 1.092e+01 5.664e-03 1.072e+01
AVG 1 1000 500 2.178900e+01 1.201900e-02 1.098000e+01 5.669600e-03 1.079100e+01 1.822441e-01 1.105301e-04 1.010483e-01 1.030220e-04 8.865044e-02


1 2 1000 500 1.715e+01 1.239e-02 5.666e+00 1.146e+01 1.145e+01
2 2 1000 500 1.717e+01 1.229e-02 5.667e+00 1.147e+01 1.147e+01
3 2 1000 500 1.726e+01 1.291e-02 5.683e+00 1.156e+01 1.153e+01
4 2 1000 500 1.721e+01 1.268e-02 5.678e+00 1.151e+01 1.149e+01
5 2 1000 500 1.730e+01 1.230e-02 5.719e+00 1.159e+01 1.153e+01
6 2 1000 500 1.724e+01 1.219e-02 5.713e+00 1.151e+01 1.147e+01
7 2 1000 500 1.739e+01 1.243e-02 5.791e+00 1.158e+01 1.153e+01
8 2 1000 500 1.790e+01 1.233e-02 5.675e+00 1.221e+01 1.218e+01
9 2 1000 500 1.720e+01 1.223e-02 5.693e+00 1.151e+01 1.147e+01
10 2 1000 500 1.733e+01 1.226e-02 5.672e+00 1.162e+01 1.161e+01
AVG 2 1000 500 1.731500e+01 1.240100e-02 5.695700e+00 1.160200e+01 1.157300e+01 6.553243e-02 6.775618e-05 3.378615e-02 6.598182e-02 6.551412e-02


1 4 1000 500 1.431e+01 6.024e-02 2.834e+00 1.144e+01 1.135e+01
2 4 1000 500 1.431e+01 6.037e-02 2.834e+00 1.144e+01 1.133e+01
3 4 1000 500 1.426e+01 6.017e-02 2.848e+00 1.138e+01 1.128e+01
4 4 1000 500 1.432e+01 6.085e-02 2.841e+00 1.145e+01 1.133e+01
5 4 1000 500 1.434e+01 6.028e-02 2.832e+00 1.146e+01 1.136e+01
6 4 1000 500 1.430e+01 6.026e-02 2.841e+00 1.143e+01 1.132e+01
7 4 1000 500 1.430e+01 6.027e-02 2.837e+00 1.142e+01 1.131e+01
8 4 1000 500 1.434e+01 6.004e-02 2.874e+00 1.147e+01 1.133e+01
9 4 1000 500 1.430e+01 6.025e-02 2.832e+00 1.143e+01 1.133e+01
10 4 1000 500 1.430e+01 6.109e-02 2.833e+00 1.152e+01 1.133e+01
AVG 4 1000 500 1.430800e+01 6.038200e-02 2.840600e+00 1.144400e+01 1.132700e+01 6.899275e-03 9.786521e-05 1.877833e-02 1.088118e-02 6.488451e-03


1 8 1000 500 1.306e+01 9.006e-02 1.456e+00 1.162e+01 1.143e+01
2 8 1000 500 1.320e+01 8.027e-02 1.460e+00 1.172e+01 1.153e+01
3 8 1000 500 1.302e+01 8.020e-02 1.457e+00 1.159e+01 1.145e+01
4 8 1000 500 1.353e+01 9.025e-02 1.500e+00 1.209e+01 1.183e+01
5 8 1000 500 1.303e+01 8.027e-02 1.444e+00 1.158e+01 1.145e+01
6 8 1000 500 1.306e+01 8.031e-02 1.466e+00 1.160e+01 1.143e+01
7 8 1000 500 1.306e+01 8.026e-02 1.447e+00 1.157e+01 1.143e+01
8 8 1000 500 1.302e+01 8.027e-02 1.446e+00 1.155e+01 1.142e+01
9 8 1000 500 1.295e+01 8.014e-02 1.444e+00 1.151e+01 1.138e+01
10 8 1000 500 1.318e+01 9.029e-02 1.511e+00 1.163e+01 1.142e+01
AVG 8 1000 500 1.311100e+01 8.323200e-02 1.463100e+00 1.164600e+01 1.147700e+01 4.950657e-02 1.442685e-03 1.543413e-02 4.966286e-02 3.891144e-02


1 16 1000 500 1.143e+01 1.043e-02 6.385e-01 1.099e+01 1.077e+01
2 16 1000 500 1.154e+01 1.050e-02 7.734e-01 1.108e+01 1.075e+01
3 16 1000 500 1.146e+01 1.047e-02 6.464e-01 1.101e+01 1.079e+01
4 16 1000 500 1.143e+01 1.049e-02 6.385e-01 1.098e+01 1.077e+01
5 16 1000 500 1.144e+01 1.039e-02 6.464e-01 1.099e+01 1.077e+01
6 16 1000 500 1.143e+01 1.043e-02 6.379e-01 1.099e+01 1.078e+01
7 16 1000 500 1.145e+01 1.038e-02 7.133e-01 1.100e+01 1.079e+01
8 16 1000 500 1.142e+01 1.033e-02 6.385e-01 1.098e+01 1.077e+01
9 16 1000 500 1.145e+01 1.041e-02 6.385e-01 1.101e+01 1.079e+01
10 16 1000 500 1.145e+01 1.040e-02 6.376e-01 1.101e+01 1.079e+01
AVG 16 1000 500 1.145000e+01 1.042300e-02 6.609000e-01 1.100400e+01 1.077700e+01 1.019804e-02 1.581455e-05 1.852986e-02 8.740709e-03 4.012481e-03


1 32 1000 500 1.270e+01 6.563e-01 3.657e-01 1.226e+01 1.138e+01
2 32 1000 500 1.265e+01 6.262e-01 4.333e-01 1.223e+01 1.138e+01
3 32 1000 500 1.273e+01 6.280e-01 4.313e-01 1.231e+01 1.149e+01
4 32 1000 500 1.271e+01 6.369e-01 3.700e-01 1.228e+01 1.151e+01
5 32 1000 500 1.270e+01 6.282e-01 3.668e-01 1.227e+01 1.154e+01
6 32 1000 500 1.268e+01 6.187e-01 3.661e-01 1.226e+01 1.147e+01
7 32 1000 500 1.270e+01 6.563e-01 3.673e-01 1.227e+01 1.140e+01
8 32 1000 500 1.265e+01 5.977e-01 3.689e-01 1.222e+01 1.147e+01
9 32 1000 500 1.273e+01 6.173e-01 3.709e-01 1.231e+01 1.149e+01
10 32 1000 500 1.267e+01 6.174e-01 3.663e-01 1.225e+01 1.155e+01
AVG 32 1000 500 1.269200e+01 6.283000e-01 3.806600e-01 1.226600e+01 1.146800e+01 8.694826e-03 5.398889e-03 1.588239e-02 8.854377e-03 1.864403e-02


1 1 1000 8000 3.400e+02 1.920e-01 1.739e+02 8.372e-02 1.658e+02
2 1 1000 8000 3.398e+02 1.913e-01 1.737e+02 8.257e-02 1.658e+02
3 1 1000 8000 3.405e+02 1.911e-01 1.742e+02 8.488e-02 1.661e+02
4 1 1000 8000 3.399e+02 1.920e-01 1.738e+02 9.218e-02 1.658e+02
5 1 1000 8000 3.401e+02 1.928e-01 1.740e+02 9.470e-02 1.659e+02
6 1 1000 8000 3.398e+02 1.908e-01 1.738e+02 9.299e-02 1.658e+02
7 1 1000 8000 3.399e+02 1.914e-01 1.738e+02 9.411e-02 1.659e+02
8 1 1000 8000 3.400e+02 1.915e-01 1.737e+02 9.257e-02 1.659e+02
9 1 1000 8000 3.398e+02 1.906e-01 1.737e+02 8.097e-02 1.658e+02
10 1 1000 8000 3.396e+02 1.916e-01 1.736e+02 8.068e-02 1.657e+02
AVG 1 1000 8000 3.399400e+02 1.915100e-01 1.738200e+02 8.793700e-02 1.658500e+02 7.238784e-02 1.925876e-04 5.402614e-02 1.749231e-03 3.240370e-02


1 2 1000 8000 2.520e+02 1.915e-01 8.684e+01 1.648e+02 1.649e+02
2 2 1000 8000 2.521e+02 1.910e-01 8.682e+01 1.649e+02 1.650e+02
3 2 1000 8000 2.503e+02 1.904e-01 8.614e+01 1.638e+02 1.639e+02
4 2 1000 8000 2.483e+02 1.870e-01 8.559e+01 1.624e+02 1.625e+02
5 2 1000 8000 2.534e+02 1.922e-01 8.724e+01 1.657e+02 1.659e+02
6 2 1000 8000 2.532e+02 1.925e-01 8.710e+01 1.659e+02 1.658e+02
7 2 1000 8000 2.534e+02 1.918e-01 8.724e+01 1.657e+02 1.659e+02
8 2 1000 8000 2.533e+02 1.917e-01 8.728e+01 1.656e+02 1.658e+02
9 2 1000 8000 2.532e+02 1.913e-01 8.691e+01 1.658e+02 1.659e+02
10 2 1000 8000 2.530e+02 1.922e-01 8.702e+01 1.655e+02 1.656e+02
AVG 2 1000 8000 2.522200e+02 1.911600e-01 8.681800e+01 1.650100e+02 1.651200e+02 5.059249e-01 4.764871e-04 1.649420e-01 3.359911e-01 3.375796e-01


1 4 1000 8000 1.949e+02 1.559e-01 3.797e+01 1.568e+02 1.567e+02
2 4 1000 8000 1.948e+02 1.578e-01 3.790e+01 1.568e+02 1.567e+02
3 4 1000 8000 1.951e+02 1.563e-01 3.801e+01 1.569e+02 1.568e+02
4 4 1000 8000 1.959e+02 1.593e-01 3.823e+01 1.575e+02 1.574e+02
5 4 1000 8000 1.960e+02 1.590e-01 3.823e+01 1.576e+02 1.575e+02
6 4 1000 8000 1.960e+02 1.579e-01 3.827e+01 1.575e+02 1.574e+02
7 4 1000 8000 1.997e+02 1.574e-01 4.257e+01 1.612e+02 1.582e+02
8 4 1000 8000 1.959e+02 1.567e-01 3.826e+01 1.575e+02 1.574e+02
9 4 1000 8000 1.988e+02 1.566e-01 4.120e+01 1.600e+02 1.577e+02
10 4 1000 8000 1.960e+02 1.573e-01 3.829e+01 1.576e+02 1.575e+02
AVG 4 1000 8000 1.963100e+02 1.574200e-01 3.889300e+01 1.579400e+02 1.573300e+02 4.903978e-01 3.343052e-04 4.863821e-01 4.400455e-01 1.428636e-01


1 8 1000 8000 1.774e+02 1.569e-01 1.917e+01 1.583e+02 1.581e+02
2 8 1000 8000 1.774e+02 1.561e-01 1.918e+01 1.583e+02 1.580e+02
3 8 1000 8000 1.780e+02 1.781e-01 1.922e+01 1.588e+02 1.585e+02
4 8 1000 8000 1.811e+02 1.607e-01 2.353e+01 1.616e+02 1.573e+02
5 8 1000 8000 1.767e+02 1.567e-01 1.915e+01 1.575e+02 1.573e+02
6 8 1000 8000 1.795e+02 1.569e-01 2.350e+01 1.604e+02 1.588e+02
7 8 1000 8000 1.763e+02 1.565e-01 1.900e+01 1.573e+02 1.570e+02
8 8 1000 8000 1.763e+02 1.561e-01 1.896e+01 1.574e+02 1.571e+02
9 8 1000 8000 1.774e+02 1.561e-01 2.026e+01 1.583e+02 1.569e+02
10 8 1000 8000 1.769e+02 1.562e-01 1.978e+01 1.578e+02 1.570e+02
AVG 8 1000 8000 1.777000e+02 1.590300e-01 2.017500e+01 1.585700e+02 1.576000e+02 4.551923e-01 2.052123e-03 5.457182e-01 4.185809e-01 2.073644e-01


1 16 1000 8000 1.748e+02 1.919e-01 1.123e+01 1.637e+02 1.636e+02
2 16 1000 8000 1.752e+02 1.922e-01 1.132e+01 1.642e+02 1.640e+02
3 16 1000 8000 1.748e+02 1.922e-01 1.108e+01 1.637e+02 1.636e+02
4 16 1000 8000 1.757e+02 1.925e-01 1.314e+01 1.651e+02 1.645e+02
5 16 1000 8000 1.747e+02 1.922e-01 1.107e+01 1.636e+02 1.635e+02
6 16 1000 8000 1.751e+02 1.922e-01 1.107e+01 1.641e+02 1.639e+02
7 16 1000 8000 1.749e+02 1.928e-01 1.107e+01 1.642e+02 1.637e+02
8 16 1000 8000 1.749e+02 1.928e-01 1.108e+01 1.638e+02 1.637e+02
9 16 1000 8000 1.748e+02 1.919e-01 1.108e+01 1.638e+02 1.637e+02
10 16 1000 8000 1.749e+02 1.929e-01 1.160e+01 1.639e+02 1.638e+02
AVG 16 1000 8000 1.749800e+02 1.923600e-01 1.137400e+01 1.640100e+02 1.638000e+02 8.809086e-02 1.106345e-04 2.067791e-01 1.314914e-01 8.602325e-02


1 32 1000 8000 1.705e+02 9.008e-01 5.640e+00 1.648e+02 1.638e+02
2 32 1000 8000 1.706e+02 8.210e-01 6.078e+00 1.648e+02 1.640e+02
3 32 1000 8000 1.707e+02 8.498e-01 5.759e+00 1.649e+02 1.639e+02
4 32 1000 8000 1.708e+02 7.898e-01 6.506e+00 1.650e+02 1.635e+02
5 32 1000 8000 1.709e+02 8.310e-01 5.564e+00 1.650e+02 1.639e+02
6 32 1000 8000 1.704e+02 8.601e-01 5.527e+00 1.646e+02 1.637e+02
7 32 1000 8000 1.707e+02 7.798e-01 5.663e+00 1.649e+02 1.639e+02
8 32 1000 8000 1.704e+02 8.001e-01 5.866e+00 1.646e+02 1.637e+02
9 32 1000 8000 1.706e+02 8.317e-01 5.547e+00 1.648e+02 1.639e+02
10 32 1000 8000 1.704e+02 8.199e-01 5.545e+00 1.646e+02 1.637e+02
AVG 32 1000 8000 1.706000e+02 8.284000e-01 5.769500e+00 1.648000e+02 1.638000e+02 5.291503e-02 1.072478e-02 1.040606e-01 4.690416e-02 4.472136e-02


1 64 1000 8000 1.689e+02 1.180e+00 3.208e+00 1.660e+02 1.644e+02
2 64 1000 8000 1.690e+02 1.241e+00 3.205e+00 1.659e+02 1.644e+02
3 64 1000 8000 1.693e+02 1.231e+00 3.213e+00 1.663e+02 1.648e+02
4 64 1000 8000 1.696e+02 1.291e+00 3.244e+00 1.666e+02 1.649e+02
5 64 1000 8000 1.695e+02 1.213e+00 3.207e+00 1.665e+02 1.651e+02
6 64 1000 8000 1.693e+02 1.233e+00 3.247e+00 1.662e+02 1.644e+02
7 64 1000 8000 1.695e+02 1.322e+00 3.340e+00 1.665e+02 1.648e+02
8 64 1000 8000 1.708e+02 1.251e+00 3.349e+00 1.678e+02 1.659e+02
9 64 1000 8000 1.696e+02 1.290e+00 3.276e+00 1.666e+02 1.650e+02
10 64 1000 8000 1.695e+02 1.241e+00 3.205e+00 1.665e+02 1.649e+02
AVG 64 1000 8000 1.695000e+02 1.249300e+00 3.249400e+00 1.664900e+02 1.648600e+02 1.549193e-01 1.246680e-02 3.629201e-02 1.564928e-01 1.343131e-01


